4294967294,0
4294967294,25
4294967294,92
4294967279,287
4294967278,278
4294967279,257
4294967294,1412
4294967278,258
4294967279,317
4294967279,380
4294967278,567
4294967279,393
4294967279,315
4294967279,252
4294967294,40
4294967279,47
4294967279,46
4294967279,304
0,5
4294967278,281
4294967279,251
21,2
4294967278,277
4294967279,302
4294967278,254
4294967279,292
4294967279,250
4294967279,274
4294967294,67
4294967294,416
4294967294,972
4294967294,82
4294967279,369
4294967279,249
4294967279,368
4294967279,367
4294967279,366
4294967279,365
4294967278,246
4294967279,245
44,2
4294967279,364
4294967278,555
4294967279,243
4294967278,241
4294967279,240
4294967293,131
4294967293,130
4294967293,129
4294967293,128
4294967293,127
4294967293,126
4294967293,125
4294967293,124
4294967293,123
4294967293,122
4294967293,121
4294967293,120
4294967293,119
4294967293,118
4294967293,117
4294967293,116
4294967293,115
4294967293,114
4294967293,113
4294967293,112
4294967293,111
4294967293,110
4294967293,109
4294967293,108
4294967293,107
4294967293,106
4294967293,105
4294967293,104
4294967293,103
4294967293,102
4294967293,101
4294967293,100
4294967293,99
4294967293,98
4294967293,97
4294967293,96
4294967293,95
4294967293,94
4294967293,93
4294967293,92
4294967293,91
4294967293,90
4294967293,89
4294967293,87
4294967293,86
4294967293,85
4294967293,84
4294967293,83
4294967293,82
4294967293,81
4294967293,80
4294967293,79
4294967293,78
4294967293,77
4294967293,76
4294967293,75
4294967293,74
4294967293,73
4294967293,72
4294967293,71
4294967293,70
4294967293,69
4294967293,68
4294967293,67
4294967293,66
4294967293,65
4294967293,64
4294967293,63
4294967293,62
4294967293,61
4294967293,60
4294967293,59
4294967293,58
4294967293,57
4294967293,56
4294967293,55
4294967293,54
4294967293,53
4294967293,52
4294967293,51
4294967293,50
4294967293,49
4294967293,48
4294967293,47
4294967293,46
4294967293,45
4294967293,44
4294967293,43
4294967293,42
4294967293,41
4294967293,40
4294967293,39
4294967293,38
4294967293,37
4294967293,36
4294967293,35
4294967293,34
4294967293,33
4294967293,32
4294967293,31
4294967293,30
4294967293,29
4294967293,28
4294967293,27
4294967293,26
4294967293,25
4294967293,24
4294967293,23
4294967293,22
4294967293,21
4294967293,20
4294967293,19
4294967293,18
4294967293,17
4294967293,16
4294967293,15
4294967293,14
4294967293,13
4294967293,12
4294967293,11
4294967293,10
4294967293,9
4294967293,8
4294967293,7
4294967293,6
4294967293,5
4294967293,4
4294967293,3
4294967279,363
4294967278,554
4294967279,238
4294967279,362
4294967278,235
4294967279,233
4294967278,233
4294967279,232
48,2
4294967279,230
4294967278,229
4294967279,228
4294967279,226
4294967278,225
4294967279,224
4294967279,222
4294967278,47
4294967278,46
4294967278,221
4294967279,220
4294967279,218
4294967279,215
4294967278,215
4294967278,45
4294967278,44
4294967278,43
4294967278,42
4294967278,552
4294967279,361
4294967279,212
4294967278,550
4294967279,211
4294967279,358
4294967278,548
44,4
4294967278,41
4294967278,40
4294967278,39
4294967278,38
4294967279,357
4294967279,356
4294967279,207
4294967278,546
4294967279,354
4294967279,205
4294967279,352
4294967279,203
4294967278,37
4294967278,36
4294967278,563
4294967279,350
4294967279,201
4294967278,35
4294967278,34
4294967278,33
4294967278,541
4294967279,348
4294967279,199
4294967279,345
4294967278,537
4294967279,197
4294967278,32
4294967278,31
4294967278,30
4294967278,29
4294967279,343
4294967278,535
4294967279,342
4294967278,194
4294967279,341
4294967279,340
4294967279,375
4294967278,532
4294967279,392
4294967278,28
4294967278,27
4294967278,26
4294967278,25
4294967278,24
4294967279,338
4294967278,530
4294967279,374
4294967278,188
4294967279,337
4294967278,187
4294967279,373
4294967278,186
4294967279,372
4294967278,185
4294967279,378
4294967278,23
4294967278,22
4294967278,21
4294967278,20
4294967278,19
4294967278,559
4294967278,183
4294967279,336
4294967278,528
4294967279,335
4294967279,334
4294967279,333
4294967279,332
4294967278,524
4294967278,177
4294967278,18
4294967278,522
4294967278,175
4294967278,17
4294967278,16
4294967278,15
4294967278,14
4294967278,520
4294967279,327
4294967278,172
4294967278,313
4294967279,310
4294967279,309
4294967278,13
4294967278,311
4294967279,308
4294967278,310
4294967278,12
4294967278,309
4294967278,166
4294967278,11
4294967278,317
4294967279,391
4294967278,164
4294967278,10
4294967278,308
4294967278,162
4294967278,9
4294967278,8
4294967278,306
4294967279,326
4294967279,160
4294967278,7
4294967278,275
4294967279,158
4294967278,260
4294967278,6
4294967278,5
4294967278,4
4294967279,132
4294967279,131
4294967279,130
4294967279,129
4294967279,128
4294967279,127
4294967279,126
4294967279,125
4294967279,124
4294967279,123
4294967279,122
4294967279,121
4294967279,120
4294967279,119
4294967279,118
4294967279,117
4294967279,116
